0 0.43344 0.511631 0.43574 0.509909 0.43718 0.512961 0.43746 0.521662 0.43746 0.529486 0.43688 0.538187 0.43804 0.54426 0.43976 0.549063 0.4415 0.556888 0.44092 0.566012 0.43488 0.57994 0.4294 0.58994 0.42594 0.596918 0.4248 0.604743 0.42048 0.607341 0.41644 0.602145 0.41068 0.59997 0.40608 0.608218 0.3983 0.610393 0.39974 0.598218 0.39858 0.595619 0.39224 0.591692 0.39714 0.581239 0.40002 0.576888 0.40204 0.565166 0.40608 0.55994 0.41212 0.555136 0.41442 0.552538 0.4176 0.54994 0.41932 0.543414 0.42824 0.53861 0.432 0.536888 0.43228 0.529909 0.43256 0.517734 0.43228 0.513807
0 0.83776 0.50435 0.83516 0.503897 0.83402 0.509124 0.8317 0.515227 0.83602 0.516073 0.83632 0.521299 0.83546 0.528278 0.83228 0.535227 0.83056 0.541752 0.83114 0.555227 0.83258 0.56003 0.8343 0.564804 0.83458 0.575257 0.8366 0.576556 0.83776 0.574804 0.83834 0.563505 0.84266 0.55568 0.84496 0.553051 0.84784 0.546979 0.85014 0.538701 0.84784 0.531299 0.8441 0.526526 0.84122 0.522175 0.84092 0.513474 0.83978 0.509124 0.83948 0.507372
0 0.71162 0.519124 0.7093 0.520876 0.70816 0.525227 0.71306 0.528701 0.71362 0.530876 0.71306 0.537402 0.71046 0.540453 0.70874 0.546103 0.70442 0.547402 0.69836 0.551752 0.69318 0.558278 0.68886 0.569154 0.68684 0.578731 0.68626 0.58568 0.69722 0.580483 0.7001 0.578731 0.69922 0.586556 0.70268 0.589184 0.70844 0.59136 0.71018 0.583958 0.71074 0.577432 0.71766 0.571329 0.7214 0.564804 0.72514 0.556556 0.72572 0.548701 0.72082 0.543927 0.71882 0.533474 0.71794 0.53 0.7165 0.52435 0.7165 0.521752 0.7142 0.518701
0 0.31586 0.534713 0.31678 0.532628 0.31814 0.531601 0.31906 0.530906 0.31952 0.530211 0.32044 0.528489 0.3234 0.527432 0.3257 0.527432 0.32866 0.530211 0.32936 0.532961 0.32958 0.538489 0.33026 0.543686 0.33324 0.545076 0.33736 0.546798 0.33874 0.549547 0.34102 0.553353 0.34376 0.555438 0.34446 0.560634 0.34514 0.570302 0.34514 0.57997 0.3433 0.586888 0.3417 0.59 0.33598 0.59139 0.32912 0.591027 0.3218 0.582749 0.31998 0.579275 0.31998 0.572356 0.32088 0.561994 0.32112 0.55716 0.3234 0.554743 0.32616 0.552326 0.32592 0.549547 0.32616 0.545408 0.32616 0.542659 0.32592 0.540242 0.32546 0.538157 0.3241 0.53713 0.3225 0.535045 0.32044 0.535045 0.31722 0.535045
0 0.34766 0.55855 0.35108 0.555076 0.35314 0.553021 0.35384 0.548882 0.3591 0.542659 0.36504 0.542991 0.3687 0.542296 0.3726 0.540574 0.37512 0.537462 0.37556 0.53435 0.37556 0.531601 0.37762 0.530544 0.38014 0.532961 0.38244 0.53574 0.38244 0.537825 0.37992 0.537825 0.37922 0.541964 0.3806 0.545408 0.3829 0.54852 0.38334 0.552326 0.38266 0.557855 0.38174 0.565468 0.37648 0.573746 0.37328 0.579275 0.37122 0.586193 0.36916 0.593112 0.36734 0.597946 0.36276 0.594139 0.3607 0.58861 0.35864 0.591027 0.35314 0.587915 0.34858 0.587583 0.34674 0.585861 0.3456 0.582054 0.3456 0.562689
0 0.0404 0.540574 0.03742 0.544381 0.0372 0.549215 0.04086 0.552659 0.04132 0.555076 0.0397 0.560634 0.03514 0.565801 0.03056 0.573746 0.03078 0.580332 0.02942 0.589305 0.02666 0.595861 0.03308 0.597613 0.03766 0.596224 0.04154 0.594834 0.04634 0.589637 0.05252 0.592085 0.06076 0.57858 0.06282 0.571329 0.06258 0.565801 0.05916 0.559577 0.05252 0.556828 0.04932 0.551994 0.04794 0.54713 0.04498 0.543686 0.04428 0.540242
0 0.4916 0.524683 0.49592 0.524683 0.4991 0.526435 0.49996 0.529486 0.49852 0.531208 0.49622 0.533384 0.49592 0.539909 0.4965 0.545136 0.49478 0.54994 0.4965 0.55429 0.49708 0.563837 0.4965 0.571239 0.4919 0.578218 0.48672 0.58429 0.48614 0.58994 0.48614 0.597795 0.48498 0.600816 0.48268 0.595619 0.48066 0.58994 0.47808 0.58994 0.47232 0.591692 0.4726 0.600393 0.46886 0.603444 0.47116 0.592991 0.46856 0.588218 0.46396 0.585589 0.4582 0.584743 0.45272 0.579517 0.4536 0.569517 0.45848 0.55864 0.46656 0.555136 0.47088 0.55429 0.47692 0.553414 0.48038 0.551662 0.4821 0.549063 0.4847 0.545589 0.48816 0.543837 0.4916 0.546012 0.4916 0.542538 0.49046 0.540363 0.48816 0.536012 0.48816 0.530785 0.4896 0.527311
0 0.53884 0.51426 0.53768 0.516435 0.53568 0.519486 0.53942 0.522085 0.54144 0.526435 0.54344 0.533384 0.54288 0.537311 0.54 0.539486 0.53712 0.547764 0.53106 0.548187 0.52704 0.546888 0.52358 0.557311 0.5184 0.568187 0.51638 0.57429 0.51292 0.586918 0.51032 0.597341 0.51176 0.601269 0.51724 0.59864 0.5204 0.598218 0.51984 0.602991 0.52328 0.602145 0.52416 0.593867 0.53048 0.592568 0.53452 0.58994 0.5351 0.595166 0.5348 0.60432 0.53884 0.604743 0.53912 0.595166 0.54258 0.583867 0.55036 0.57429 0.5541 0.563414 0.55352 0.551662 0.55064 0.548187 0.54834 0.537734 0.5469 0.529909 0.5472 0.523837 0.54776 0.517311 0.54604 0.51426 0.54344 0.511631
0 0.9728 0.491843 0.9704 0.492145 0.9664 0.492749 0.9642 0.494864 0.962 0.499698 0.9612 0.508459 0.962 0.514199 0.962 0.516616 0.96 0.522356 0.957 0.52719 0.954 0.536858 0.955 0.541994 0.9564 0.55136 0.958 0.55861 0.9604 0.569486 0.9614 0.577341 0.9676 0.576435 0.9786 0.574924 0.9818 0.569486 0.984 0.564955 0.9862 0.559215 0.987 0.555891 0.9872 0.545015 0.9876 0.530816 0.988 0.525982 0.9856 0.522356 0.9824 0.51994 0.9774 0.51994 0.9756 0.51994 0.974 0.519335 0.9732 0.512689 0.9732 0.507855 0.9746 0.504834 0.9758 0.502115 0.975 0.495166
0 0.17882 0.517069 0.17606 0.517764 0.174 0.521208 0.17424 0.525378 0.17538 0.530544 0.17538 0.537825 0.17446 0.542659 0.1715 0.544018 0.16988 0.549909 0.16692 0.555438 0.16142 0.561662 0.15822 0.568218 0.15822 0.575468 0.15616 0.582054 0.1525 0.589637 0.15318 0.596918 0.15548 0.602779 0.1573 0.612115 0.16554 0.61142 0.1708 0.606918 0.17516 0.60003 0.17996 0.593112 0.1882 0.578943 0.19186 0.567885 0.19116 0.560967 0.1859 0.55855 0.18384 0.550242 0.18316 0.543353 0.18132 0.534713 0.18064 0.531934 0.18018 0.525015 0.18202 0.523656 0.18522 0.523293 0.18522 0.520876 0.1843 0.517069 0.18156 0.516375
