0 0.0134961 0.840877 0.0139258 0.837352 0.0140332 0.832775 0.0145703 0.829793 0.0162988 0.827145 0.0180273 0.825917 0.0201758 0.825742 0.0224414 0.826093 0.0237402 0.827496 0.025459 0.8289 0.0263281 0.830494 0.026543 0.831898 0.0268652 0.833126 0.0272949 0.835423 0.0274023 0.838772 0.0275098 0.839825 0.0264355 0.84 0.0255664 0.839298 0.0237402 0.838581 0.0232031 0.837352 0.0221191 0.837177 0.0210449 0.839298 0.0198535 0.839298 0.0188867 0.841754 0.0188867 0.8437 0.0183496 0.847751 0.0175879 0.847209 0.0161914 0.844577 0.0152246 0.843525 0.0143555 0.842632
0 0.00821289 0.85496 0.00692383 0.857081 0.00573242 0.862536 0.005625 0.866938 0.00637695 0.872568 0.00616211 0.877847 0.00444336 0.881196 0.00131836 0.884545 0.000556641 0.898628 1.95313e-05 0.910431 0.00196289 0.911308 0.00616211 0.904083 0.0123145 0.895104 0.014248 0.892472 0.0133887 0.886475 0.0117676 0.883493 0.0130664 0.881196 0.0134961 0.876794 0.0125293 0.871866 0.0126367 0.869043 0.0132812 0.867464 0.0139258 0.866587 0.0155469 0.865885 0.0167285 0.864817 0.0178125 0.863413 0.021582 0.863062 0.0236328 0.862711 0.0240625 0.858485 0.0221191 0.856188 0.0198535 0.855486 0.019209 0.855311 0.0179199 0.854083 0.0168359 0.853381 0.0156543 0.852855 0.0143555 0.852855 0.0119824 0.852855 0.00983398 0.85303 0.00875 0.853557
0 0.00681641 0.843174 0.00939453 0.842281 0.0115527 0.842105 0.0152246 0.8437 0.0167285 0.846507 0.0180273 0.848278 0.0186719 0.848628 0.0189941 0.850207 0.0191016 0.852329 0.0185645 0.852329 0.0165137 0.852153 0.0139258 0.851435 0.0103711 0.851085 0.00917969 0.851786 0.00669922 0.85496 0.00626953 0.857081 0.00594727 0.86059 0.00541016 0.871691 0.00519531 0.878198 0.0034668 0.882249 0 0.885167 0 0.862695 0.000556641 0.858134 0.0015332 0.857081 0.00335937 0.853557 0.00422852 0.849506 0.00476562 0.844753 0.00594727 0.843349
0 0.00217773 0.820096 0.00508789 0.816938 0.00756836 0.81799 0.00907227 0.819219 0.00928711 0.822919 0.0103711 0.824673 0.0109082 0.825566 0.0105859 0.828198 0.0106934 0.829601 0.00842773 0.830494 0.00789063 0.829075 0.00681641 0.831722 0.00637695 0.835774 0.00713867 0.839825 0.00735352 0.842632 0.00530273 0.8437 0.00389648 0.847033 0.00325195 0.849856 0.00239258 0.854785 0.000771484 0.855662 0.000664063 0.85126 0.000341797 0.841579 0.000234375 0.836826 0.000234375 0.835423 0.000771484 0.833126 0.00142578 0.832249 0.0015332 0.828373 0.00142578 0.826619 0.00185547 0.821866
0 0.028916 0.818341 0.0300977 0.81622 0.0322559 0.814817 0.0352734 0.815518 0.0373242 0.816762 0.0380762 0.81799 0.0386133 0.820096 0.0387207 0.822041 0.039043 0.823971 0.0383984 0.824673 0.0365625 0.823971 0.035918 0.826093 0.0357031 0.827321 0.0346289 0.828198 0.0334375 0.82925 0.0329004 0.831547 0.0323633 0.835247 0.0324707 0.838772 0.0324707 0.842281 0.0316113 0.845805 0.0302051 0.846683 0.0282617 0.8437 0.0274023 0.841754 0.0275098 0.839123 0.0281543 0.836124 0.0282617 0.831722 0.0288086 0.827847 0.028916 0.825917 0.0288086 0.823796 0.028584 0.820447
0 0.039375 0.86201 0.0405469 0.859139 0.0426953 0.857703 0.0447461 0.857384 0.0457227 0.858022 0.0473828 0.859458 0.0488477 0.860893 0.0497266 0.862967 0.0508008 0.864083 0.0516797 0.865678 0.052168 0.867113 0.0513867 0.869187 0.0507031 0.86823 0.049043 0.867911 0.0473828 0.86823 0.0464063 0.869506 0.0446484 0.874131 0.0447461 0.878437 0.0450391 0.881946 0.0452344 0.88673 0.0454297 0.88992 0.0435742 0.895343 0.0403516 0.898214 0.0388867 0.900766 0.0343945 0.903796 0.0291211 0.907305 0.0254102 0.912887 0.0228711 0.916874 0.0201367 0.921659 0.0180859 0.927719 0.0153516 0.934577 0.0119336 0.937448 0.00744141 0.94 0.00294922 0.941276 0.000117187 0.940638 0.000214844 0.918947 0.00226562 0.910175 0.00587891 0.903636 0.01125 0.8963 0.0157422 0.894705 0.0205273 0.893429 0.0251172 0.892472 0.0279492 0.892791 0.029707 0.891356 0.0314648 0.886571 0.0318555 0.884019 0.0345898 0.881946 0.0371289 0.884179 0.0381055 0.884976 0.0387891 0.884179 0.039668 0.879075 0.0394727 0.872695 0.0392773 0.869825 0.0388867 0.866316
0 0.194961 0.822329 0.193838 0.823014 0.192432 0.826699 0.192988 0.831053 0.193135 0.835885 0.193271 0.839793 0.191729 0.844833 0.189893 0.849665 0.194111 0.854721 0.196924 0.853573 0.198613 0.852424 0.199033 0.848979 0.19918 0.844833 0.199463 0.840478 0.19833 0.836794 0.199033 0.830829 0.199736 0.826922 0.19918 0.824864 0.198057 0.823014 0.196924 0.821866
0 0.169932 0.806715 0.168662 0.809234 0.168799 0.813828 0.168799 0.818421 0.168799 0.820032 0.169365 0.823014 0.169365 0.828756 0.171895 0.829681 0.173867 0.829904 0.17499 0.829681 0.173867 0.824864 0.172461 0.81866 0.172598 0.817974 0.173301 0.816364 0.17415 0.81429 0.174854 0.809697 0.17499 0.806938 0.173584 0.806491 0.171895 0.805566
0 0.146582 0.817049 0.144619 0.817974 0.143916 0.818421 0.143213 0.82118 0.14335 0.823477 0.143486 0.82807 0.143066 0.832903 0.14293 0.841164 0.144053 0.841388 0.146865 0.842775 0.147705 0.840702 0.147988 0.836571 0.148535 0.832217 0.149111 0.826699 0.149678 0.821643 0.148975 0.81866 0.148271 0.817049
0 0.156143 0.817049 0.157832 0.817049 0.159385 0.817512 0.160645 0.818884 0.160928 0.822329 0.160928 0.825088 0.160225 0.830367 0.159658 0.834274 0.160508 0.835885 0.160088 0.83933 0.157129 0.841627 0.154736 0.845758 0.154883 0.840478 0.155303 0.837033 0.15418 0.833349 0.15333 0.828756 0.153613 0.824625 0.153896 0.820718 0.15418 0.81866
0 0.218164 0.82547 0.22041 0.825311 0.221973 0.826587 0.222266 0.830574 0.221875 0.835997 0.221094 0.839665 0.220801 0.843971 0.221094 0.847002 0.219238 0.847002 0.217578 0.845088 0.216699 0.84445 0.215723 0.842855 0.215723 0.838389 0.215723 0.835837 0.216113 0.830893 0.21582 0.82882 0.216309 0.826316
0 0.454814 0.853876 0.452871 0.859043 0.458945 0.863014 0.462842 0.865789 0.465752 0.873716 0.465996 0.882456 0.466973 0.890383 0.46916 0.894354 0.467451 0.901499 0.468916 0.914195 0.471582 0.918963 0.474502 0.928485 0.477178 0.939203 0.489082 0.898325 0.483594 0.889952 0.481064 0.891579 0.477656 0.892775 0.47377 0.888006 0.471826 0.878485 0.470859 0.864195 0.470859 0.857049 0.468672 0.853477 0.465752 0.851499 0.463564 0.850702 0.460889 0.8511 0.458711 0.852297 0.45749 0.853078
0 0.551025 0.719553 0.559414 0.736699 0.564033 0.757959 0.569912 0.782648 0.57915 0.794992 0.593428 0.798421 0.606025 0.800478 0.619883 0.797049 0.627441 0.787448 0.640879 0.777847 0.653477 0.779219 0.665234 0.786762 0.68623 0.81008 0.695889 0.825853 0.705547 0.829282 0.713945 0.83614 0.718984 0.858086 0.719404 0.873174 0.712266 0.881404 0.704287 0.880718 0.685391 0.871116 0.675312 0.863573 0.651797 0.8574 0.641719 0.847113 0.630381 0.847113 0.606445 0.851914 0.607285 0.827225 0.597207 0.808022 0.587969 0.805279 0.575791 0.803222 0.561934 0.806651 0.544307 0.806651 0.533809 0.805279 0.534229 0.744242 0.542627 0.734641
0 0.826475 0.805965 0.818076 0.816938 0.818076 0.836826 0.824375 0.839569 0.840752 0.834083 0.858809 0.842998 0.866787 0.848485 0.874346 0.8526 0.883164 0.859458 0.902061 0.874545 0.925996 0.888947 0.933555 0.894434 0.949932 0.921164 0.954131 0.941053 0.972187 0.9726 0.987305 0.99866 0.998223 0.997974 0.999482 0.954769 0.998643 0.863573 0.999062 0.7511 0.994863 0.744242 0.969668 0.753158 0.944473 0.764817 0.927676 0.784019 0.924316 0.801164 0.921377 0.795678 0.9071 0.779219 0.893662 0.775789 0.881904 0.771675 0.867207 0.778533 0.85083 0.789506 0.839072 0.799107
0 0.823535 0.468565 0.815557 0.476794 0.811357 0.495311 0.812197 0.515199 0.815977 0.537129 0.815557 0.545359 0.810098 0.552903 0.7996 0.573477 0.79582 0.598852 0.79918 0.61874 0.807158 0.627656 0.814717 0.631085 0.821436 0.641372 0.811357 0.644115 0.802959 0.642743 0.7954 0.64823 0.787842 0.657831 0.784482 0.668804 0.779863 0.681834 0.778193 0.701037 0.781123 0.715439 0.781123 0.728469 0.778613 0.742871 0.783223 0.755901 0.793721 0.75933 0.801279 0.741499 0.815137 0.724354 0.826055 0.720239 0.836553 0.719553 0.844111 0.707209 0.85167 0.691435 0.858389 0.692807 0.863848 0.696922 0.873086 0.700351 0.886943 0.715439 0.900381 0.738756 0.90458 0.743557 0.921377 0.716124 0.941533 0.71681 0.970508 0.731898 0.991084 0.741499 0.999482 0.736013 0.999062 0.688006 0.999062 0.641372 0.998223 0.591994 0.996123 0.577592 0.987725 0.56319 0.986465 0.546045 0.970508 0.522057 0.950352 0.503541 0.931455 0.481595 0.9071 0.465136 0.872666 0.458278 0.831514 0.461707
0 0.653555 0.468692 0.670967 0.501404 0.691865 0.507081 0.704053 0.515614 0.71624 0.535518 0.724082 0.541212 0.730176 0.558278 0.750205 0.563971 0.762393 0.565391 0.769355 0.583876 0.771973 0.610893 0.771973 0.636491 0.770225 0.654976 0.767617 0.677735 0.763262 0.689107 0.750205 0.69764 0.750205 0.677735 0.740625 0.656396 0.731914 0.633652 0.720596 0.629378 0.717109 0.650702 0.711016 0.673461 0.701445 0.701898 0.713633 0.753094 0.71624 0.791483 0.695342 0.800016 0.67793 0.798596 0.666611 0.785805 0.652686 0.781531 0.642236 0.778692 0.640488 0.775853 0.643975 0.724657 0.646582 0.626539 0.641357 0.544051 0.646582 0.484338
0 0.630215 0.00519936 0.638281 0.0340032 0.654902 0.0743222 0.67708 0.120399 0.703281 0.148389 0.716885 0.162376 0.724941 0.173078 0.72998 0.180478 0.742578 0.186236 0.748125 0.191994 0.758711 0.201882 0.763242 0.21504 0.760723 0.225742 0.770801 0.239729 0.819678 0.292392 0.847393 0.330255 0.877119 0.368931 0.904834 0.37799 0.878125 0.378804 0.892236 0.392791 0.906846 0.405136 0.908867 0.413365 0.899795 0.408437 0.889717 0.405965 0.875605 0.388676 0.872588 0.389506 0.883672 0.415008 0.890225 0.431467 0.891729 0.446284 0.883672 0.438884 0.870566 0.416667 0.863516 0.403493 0.865527 0.423238 0.87208 0.447113 0.86251 0.446284 0.854443 0.419952 0.851924 0.438054 0.851426 0.448756 0.844873 0.44547 0.841846 0.416667 0.83832 0.419123 0.84084 0.444641 0.827734 0.447927 0.821689 0.403493 0.814639 0.447927 0.808086 0.44547 0.805068 0.408437 0.796494 0.419952 0.784912 0.399378 0.771299 0.387033 0.757695 0.367289 0.738555 0.363987 0.726455 0.354115 0.730488 0.336013 0.719902 0.336842 0.713359 0.32614 0.704287 0.321196 0.690176 0.305566 0.680605 0.294864 0.678086 0.279234 0.67002 0.283349 0.655918 0.268533 0.647344 0.260303 0.629209 0.261946 0.609561 0.266061 0.591924 0.279234 0.567227 0.27429 0.553125 0.260303 0.544053 0.245486 0.543047 0.226571 0.542539 0.19941 0.541533 0.169777 0.555137 0.160734 0.573281 0.169777 0.585869 0.176364 0.582852 0.157432 0.57126 0.140159 0.566729 0.136045 0.557148 0.122871 0.54707 0.0990112 0.53498 0.0710367 0.526924 0.0438756 0.516338 0.0249442 0.512813 0.00189793
