0 0.33174 0.39594 0.3299 0.39962 0.3299 0.40192 0.33452 0.401 0.34188 0.40238 0.34512 0.40562 0.34418 0.41206 0.33958 0.42036 0.33544 0.42866 0.33544 0.43556 0.33312 0.44662 0.33452 0.4586 0.33728 0.4715 0.3428 0.48302 0.34972 0.4904 0.3571 0.49594 0.364 0.50746 0.36584 0.51114 0.35802 0.51436 0.35248 0.51528 0.34326 0.51712 0.33636 0.51804 0.34004 0.5222 0.34326 0.52542 0.34972 0.52404 0.36032 0.52588 0.36492 0.52726 0.36768 0.52634 0.3617 0.52036 0.37138 0.51528 0.37368 0.5185 0.37276 0.52542 0.37276 0.53372 0.3806 0.53326 0.3806 0.52542 0.38428 0.52266 0.3912 0.52864 0.40272 0.52542 0.41008 0.52772 0.41746 0.5291 0.42576 0.53464 0.43358 0.53786 0.43728 0.53556 0.4368 0.52726 0.43866 0.5199 0.44234 0.51482 0.44694 0.51298 0.4382 0.50146 0.43358 0.49178 0.42576 0.48118 0.41838 0.47104 0.411 0.4623 0.40272 0.45584 0.39488 0.45032 0.38152 0.44432 0.37506 0.43926 0.36908 0.43004 0.36032 0.42728 0.35524 0.42588 0.3557 0.41806 0.3594 0.41252 0.36032 0.40378 0.3594 0.3964 0.3557 0.39086 0.3511 0.38948 0.3465 0.38902 0.34142 0.39178 0.3382 0.39364
0 0.34834 0.37106 0.34464 0.37612 0.35202 0.37888 0.35664 0.38026 0.35802 0.38488 0.35616 0.38902 0.35664 0.39226 0.35894 0.39962 0.36124 0.4047 0.35986 0.41298 0.35616 0.42036 0.35664 0.42404 0.36354 0.42774 0.37506 0.42588 0.3806 0.4222 0.38198 0.41576 0.3806 0.40608 0.37828 0.39548 0.3792 0.3904 0.37414 0.38718 0.36908 0.38672 0.36538 0.37934 0.36538 0.37382 0.36216 0.36874 0.35616 0.36782
0 0.3723 0.37796 0.36908 0.3798 0.36908 0.3835 0.37506 0.38534 0.38106 0.38856 0.38152 0.39226 0.3806 0.39732 0.38152 0.4033 0.38152 0.40746 0.38198 0.41344 0.38336 0.41852 0.3829 0.42358 0.37644 0.42404 0.37092 0.42774 0.37368 0.4351 0.3806 0.4411 0.39166 0.44432 0.39764 0.44754 0.4041 0.45308 0.41146 0.46044 0.417 0.46736 0.42206 0.4775 0.42806 0.48302 0.43404 0.48302 0.43866 0.4775 0.44464 0.47196 0.44832 0.4646 0.43912 0.45998 0.4345 0.44986 0.43312 0.44524 0.42714 0.4374 0.42022 0.42912 0.41562 0.42588 0.40732 0.42358 0.4004 0.4199 0.39902 0.4116 0.39718 0.40838 0.39212 0.4093 0.38934 0.40378 0.38888 0.39686 0.3912 0.39132 0.3912 0.3858 0.38888 0.3798 0.38566 0.37658 0.37968 0.37566
0 0.26208 0.38464 0.25884 0.38602 0.25838 0.39156 0.26024 0.39478 0.2607 0.3994 0.26116 0.40676 0.26162 0.41552 0.26162 0.41782 0.25792 0.41828 0.25516 0.42152 0.25516 0.4275 0.2501 0.43072 0.2441 0.4335 0.2395 0.4404 0.23488 0.45054 0.23396 0.46022 0.23258 0.46944 0.23442 0.47818 0.23626 0.4874 0.23488 0.498 0.2418 0.50308 0.24272 0.50768 0.2501 0.50906 0.25792 0.51552 0.26484 0.51182 0.27176 0.50676 0.27544 0.49846 0.28374 0.4897 0.2865 0.48418 0.2934 0.47312 0.29572 0.46344 0.29572 0.45192 0.29386 0.44502 0.2934 0.43718 0.29202 0.43304 0.2865 0.43118 0.28282 0.43304 0.27912 0.42796 0.27958 0.42428 0.27912 0.42012 0.27544 0.4192 0.27268 0.41414 0.27176 0.40492 0.27314 0.39754 0.27452 0.38972 0.27406 0.38556 0.27268 0.38326 0.26944 0.38142 0.26484 0.38142
0 0.20594 0.36 0.20318 0.36184 0.2018 0.36414 0.2018 0.36922 0.20272 0.37244 0.20318 0.37842 0.20272 0.38396 0.20364 0.39132 0.20134 0.39502 0.19904 0.40008 0.19766 0.40608 0.1972 0.41114 0.20042 0.4176 0.20594 0.42682 0.21424 0.43372 0.2207 0.4388 0.22668 0.44202 0.23498 0.44524 0.24328 0.43372 0.25248 0.42728 0.25572 0.42036 0.24926 0.4153 0.24144 0.40746 0.23452 0.40238 0.22852 0.39502 0.22576 0.38948 0.22116 0.38396 0.21378 0.38304 0.2124 0.37842 0.21194 0.37336 0.21194 0.37152 0.2147 0.3706 0.21562 0.36968 0.217 0.3669 0.2147 0.3623 0.21194 0.36046 0.21056 0.35954
0 0.3806 0.36276 0.37828 0.36736 0.38382 0.36874 0.38888 0.36968 0.39026 0.37152 0.38934 0.37336 0.38934 0.3775 0.39258 0.38074 0.39304 0.38304 0.39026 0.38764 0.39026 0.39318 0.39442 0.401 0.40178 0.40424 0.41516 0.40792 0.42436 0.41068 0.42806 0.41482 0.43036 0.41114 0.4299 0.40562 0.43036 0.39502 0.4299 0.38856 0.4239 0.38258 0.41654 0.38212 0.41192 0.37796 0.40456 0.37474 0.40132 0.37152 0.39902 0.36828 0.39672 0.36368 0.39442 0.36138 0.38842 0.36092
0 0.53772 0.35584 0.53496 0.35676 0.53082 0.36138 0.53726 0.36276 0.53956 0.36874 0.53864 0.37428 0.53864 0.3798 0.5391 0.38534 0.53818 0.39086 0.53634 0.39962 0.54234 0.40054 0.55524 0.401 0.56446 0.40146 0.5663 0.39778 0.55938 0.38902 0.55524 0.3835 0.55524 0.3775 0.55108 0.37658 0.54464 0.37704 0.54464 0.37382 0.54556 0.37014 0.54786 0.36322 0.54786 0.35816 0.5428 0.354
0 0.58842 0.35308 0.58472 0.35492 0.58288 0.35722 0.58656 0.36046 0.59026 0.3623 0.59164 0.36598 0.5921 0.37152 0.5921 0.37704 0.5898 0.38026 0.58934 0.38442 0.59072 0.38764 0.59716 0.39272 0.60684 0.39132 0.61422 0.39178 0.61882 0.3904 0.61606 0.38488 0.61238 0.38074 0.60638 0.37796 0.605 0.37428 0.59948 0.37152 0.5967 0.36874 0.59716 0.36506 0.59762 0.36046 0.59716 0.35676 0.59394 0.35354
0 0.6239 0.39178 0.61974 0.39594 0.61606 0.40008 0.62482 0.40008 0.63172 0.4033 0.63542 0.407 0.6345 0.41252 0.6345 0.42036 0.63542 0.42588 0.63634 0.4328 0.6345 0.43926 0.62804 0.44432 0.62252 0.44616 0.6239 0.45722 0.6262 0.4692 0.63126 0.4775 0.63634 0.48118 0.6437 0.49132 0.65154 0.49962 0.6603 0.50146 0.6778 0.50376 0.68886 0.5033 0.70084 0.5056 0.70684 0.50976 0.71006 0.50468 0.70822 0.49594 0.7027 0.48442 0.7013 0.47336 0.69624 0.46414 0.68978 0.45308 0.67966 0.44616 0.66674 0.43972 0.6603 0.43326 0.65292 0.42358 0.64556 0.42312 0.6451 0.4176 0.64416 0.40654 0.64556 0.39824 0.64186 0.39178 0.63772 0.38856 0.63312 0.38764 0.62896 0.38902
0 0.68518 0.35124 0.67966 0.35308 0.67872 0.3563 0.67688 0.36046 0.68334 0.36046 0.68518 0.36322 0.68334 0.36874 0.68472 0.37198 0.68748 0.37658 0.68518 0.3775 0.68242 0.37842 0.68058 0.38212 0.67872 0.38718 0.68058 0.39548 0.68334 0.4033 0.69532 0.40424 0.70822 0.40424 0.71974 0.40146 0.7262 0.40054 0.7225 0.39226 0.71422 0.38626 0.70868 0.38212 0.70316 0.37336 0.69808 0.3729 0.6944 0.37106 0.69118 0.36828 0.69118 0.36368 0.69348 0.35954 0.69348 0.35492 0.69072 0.3517
0 0.48336 0.39272 0.47966 0.39502 0.47598 0.40008 0.46722 0.40516 0.47322 0.40884 0.47874 0.40976 0.48474 0.4153 0.48658 0.41944 0.48658 0.42774 0.48704 0.4351 0.49072 0.43972 0.49164 0.44524 0.49256 0.44754 0.48888 0.44986 0.48288 0.45354 0.47414 0.45906 0.46722 0.46874 0.46768 0.4775 0.47044 0.48764 0.47644 0.49594 0.48288 0.501 0.48658 0.50698 0.48704 0.51528 0.48796 0.52082 0.49118 0.5291 0.49164 0.5374 0.4958 0.53786 0.49534 0.53372 0.49626 0.5245 0.50178 0.51758 0.505 0.52082 0.50824 0.52542 0.511 0.53096 0.51698 0.53464 0.53128 0.53648 0.54234 0.5305 0.54648 0.52726 0.55154 0.52404 0.55892 0.5245 0.564 0.52404 0.56446 0.51758 0.55754 0.50698 0.55062 0.49546 0.54832 0.48856 0.55016 0.48302 0.54418 0.47658 0.54048 0.4692 0.53634 0.46322 0.52804 0.4586 0.51976 0.45078 0.51838 0.44248 0.51468 0.4374 0.50824 0.43648 0.50178 0.43326 0.49856 0.42634 0.49764 0.4176 0.49856 0.40976 0.4981 0.401 0.49672 0.39594 0.4921 0.39272
0 0.9812 0.37648 0.97566 0.37814 0.97014 0.38146 0.9718 0.38422 0.97678 0.38422 0.97954 0.38532 0.9812 0.3892 0.9812 0.39252 0.98176 0.3997 0.98342 0.40302 0.98784 0.4069 0.98286 0.41464 0.98728 0.42072 0.99392 0.43178 0.99778 0.43398 0.9989 0.3975 0.99446 0.3975 0.9895 0.39472 0.9906 0.38754 0.9917 0.38256 0.99116 0.37758 0.98562 0.37538
0 0.96766 0.4176 0.96258 0.42128 0.96074 0.42682 0.95982 0.4328 0.96074 0.44064 0.96304 0.44986 0.96488 0.45676 0.96396 0.45952 0.96212 0.4646 0.9552 0.46966 0.94554 0.47566 0.93586 0.4775 0.92158 0.47796 0.90774 0.48118 0.89622 0.48856 0.89208 0.49824 0.88332 0.50976 0.88332 0.52174 0.87918 0.52956 0.87134 0.54478 0.87088 0.5586 0.87088 0.57426 0.87734 0.57564 0.89808 0.57658 0.91052 0.57472 0.91696 0.56966 0.92526 0.56966 0.93494 0.56598 0.93954 0.56458 0.93954 0.57288 0.946 0.57658 0.94968 0.57472 0.95014 0.56644 0.9529 0.55492 0.95936 0.54386 0.97272 0.53648 0.98056 0.52864 0.98562 0.5162 0.9893 0.50652 0.99162 0.49594 0.99162 0.48302 0.98746 0.4775 0.97732 0.47934 0.97134 0.47566 0.97318 0.47012 0.97732 0.4646 0.97918 0.45722 0.97918 0.4517 0.97872 0.44432 0.97732 0.43648 0.97964 0.4351 0.98976 0.4374 0.98976 0.43464 0.98792 0.42774 0.9847 0.42312 0.98056 0.4176 0.9741 0.41668
0 0.87834 0.3787 0.87172 0.38422 0.87392 0.38644 0.88278 0.38976 0.8872 0.39196 0.8872 0.40358 0.887 0.41 0.8866 0.4158 0.88278 0.4257 0.88554 0.43288 0.89106 0.44284 0.89604 0.44948 0.8977 0.45722 0.8977 0.46496 0.89714 0.46828 0.90378 0.46938 0.9049 0.45942 0.90986 0.45832 0.9154 0.45722 0.92092 0.45666 0.92866 0.45444 0.9364 0.4539 0.9447 0.45334 0.94968 0.44948 0.95356 0.44338 0.953 0.43288 0.9425 0.42736 0.94084 0.42238 0.9331 0.4185 0.91982 0.41352 0.91374 0.408 0.90986 0.40082 0.90378 0.40358 0.8988 0.40302 0.89992 0.39584 0.90212 0.39086 0.90046 0.38532 0.89714 0.3809 0.8894 0.37758
0 0.78472 0.41344 0.77918 0.41668 0.77458 0.41714 0.76858 0.42266 0.76674 0.42728 0.77412 0.42912 0.78194 0.43188 0.78472 0.4374 0.78656 0.44524 0.7884 0.45262 0.7838 0.4586 0.7755 0.46368 0.77088 0.46782 0.76306 0.47058 0.76076 0.4798 0.76168 0.49362 0.7626 0.50746 0.76904 0.52128 0.78056 0.53002 0.79024 0.54062 0.79208 0.5503 0.79208 0.56274 0.78978 0.56552 0.78656 0.56966 0.77872 0.57012 0.77734 0.57288 0.78056 0.57842 0.79208 0.57842 0.79992 0.57426 0.79946 0.5669 0.80222 0.55446 0.80914 0.5586 0.8179 0.5609 0.82342 0.5632 0.8202 0.57426 0.83034 0.57196 0.84186 0.57472 0.85476 0.57196 0.86398 0.57426 0.86996 0.56874 0.87318 0.55168 0.87226 0.53924 0.86628 0.52404 0.86766 0.50746 0.86582 0.49732 0.852 0.48488 0.84048 0.4798 0.8354 0.4798 0.82988 0.47566 0.82942 0.46552 0.82158 0.45538 0.8142 0.454 0.80544 0.4586 0.80268 0.45032 0.80452 0.4411 0.80498 0.4351 0.80498 0.42728 0.80452 0.42036 0.80084 0.41576 0.79854 0.41344 0.79116 0.41206
